    0.0000000000E+00    0.1994370256E-17    0.0000000000E+00   -0.4925927601E-18    0.0000000000E+00    0.1394365887E-17    0.0000000000E+00    0.6608598170E-18    0.0000000000E+00    0.1526024055E-17
    0.9975062344E-02    0.1974064877E-17    0.0000000000E+00   -0.4941561655E-18    0.0000000000E+00    0.1397255586E-17    0.0000000000E+00    0.6577091517E-18    0.0000000000E+00    0.1502829295E-17
    0.1995012469E-01    0.1995437668E-17    0.0000000000E+00   -0.4909469492E-18    0.0000000000E+00    0.1394713330E-17    0.0000000000E+00    0.6591311954E-18    0.0000000000E+00    0.1526248995E-17
    0.2992518703E-01    0.1974419163E-17    0.0000000000E+00   -0.4926359972E-18    0.0000000000E+00    0.1397668414E-17    0.0000000000E+00    0.6559294137E-18    0.0000000000E+00    0.1502559876E-17
    0.3990024938E-01    0.1996517339E-17    0.0000000000E+00   -0.4893323150E-18    0.0000000000E+00    0.1395066937E-17    0.0000000000E+00    0.6574445813E-18    0.0000000000E+00    0.1526512021E-17
    0.4987531172E-01    0.1974756381E-17    0.0000000000E+00   -0.4911520518E-18    0.0000000000E+00    0.1398092484E-17    0.0000000000E+00    0.6541880850E-18    0.0000000000E+00    0.1502316824E-17
    0.5985037406E-01    0.1997613633E-17    0.0000000000E+00   -0.4877478669E-18    0.0000000000E+00    0.1395429693E-17    0.0000000000E+00    0.6557992110E-18    0.0000000000E+00    0.1526822390E-17
    0.6982543641E-01    0.1975080637E-17    0.0000000000E+00   -0.4897037059E-18    0.0000000000E+00    0.1398532506E-17    0.0000000000E+00    0.6524843365E-18    0.0000000000E+00    0.1502115568E-17
    0.7980049875E-01    0.1998732245E-17    0.0000000000E+00   -0.4861926360E-18    0.0000000000E+00    0.1395805915E-17    0.0000000000E+00    0.6541944398E-18    0.0000000000E+00    0.1527187707E-17
    0.8977556110E-01    0.1975398413E-17    0.0000000000E+00   -0.4882903381E-18    0.0000000000E+00    0.1398995652E-17    0.0000000000E+00    0.6508172461E-18    0.0000000000E+00    0.1502019386E-17
    0.9975062344E-01    0.1999880645E-17    0.0000000000E+00   -0.4846655760E-18    0.0000000000E+00    0.1396201596E-17    0.0000000000E+00    0.6526293472E-18    0.0000000000E+00    0.1527132334E-17
    0.1097256858E+00    0.1975720271E-17    0.0000000000E+00   -0.4869108985E-18    0.0000000000E+00    0.1399493235E-17    0.0000000000E+00    0.6491857813E-18    0.0000000000E+00    0.1495363856E-17
    0.1197007481E+00    0.2001068153E-17    0.0000000000E+00   -0.4831640077E-18    0.0000000000E+00    0.1396624558E-17    0.0000000000E+00    0.6511039878E-18    0.0000000000E+00    0.1514545126E-17
    0.1296758105E+00    0.1976064879E-17    0.0000000000E+00   -0.4855622144E-18    0.0000000000E+00    0.1400044917E-17    0.0000000000E+00    0.6475904236E-18    0.0000000000E+00    0.1481286656E-17
    0.1396508728E+00    0.2002303844E-17    0.0000000000E+00   -0.4816850540E-18    0.0000000000E+00    0.1397082522E-17    0.0000000000E+00    0.6496181594E-18    0.0000000000E+00    0.1501302801E-17
    0.1496259352E+00    0.1976473587E-17    0.0000000000E+00   -0.4842431016E-18    0.0000000000E+00    0.1400693370E-17    0.0000000000E+00    0.6460295162E-18    0.0000000000E+00    0.1466936410E-17
    0.1596009975E+00    0.2003577829E-17    0.0000000000E+00   -0.4802271917E-18    0.0000000000E+00    0.1397564387E-17    0.0000000000E+00    0.6481698607E-18    0.0000000000E+00    0.1481729463E-17
    0.1695760599E+00    0.1977048867E-17    0.0000000000E+00   -0.4829514461E-18    0.0000000000E+00    0.1401542688E-17    0.0000000000E+00    0.6445000104E-18    0.0000000000E+00    0.1440060552E-17
    0.1795511222E+00    0.1998459369E-17    0.0000000000E+00   -0.4787870711E-18    0.0000000000E+00    0.1391638176E-17    0.0000000000E+00    0.6467566789E-18    0.0000000000E+00    0.1454530146E-17
    0.1895261845E+00    0.1957690232E-17    0.0000000000E+00   -0.4816860687E-18    0.0000000000E+00    0.1382494042E-17    0.0000000000E+00    0.6430023521E-18    0.0000000000E+00    0.1412359885E-17
    0.1995012469E+00    0.1975558277E-17    0.0000000000E+00   -0.4773654308E-18    0.0000000000E+00    0.1367912190E-17    0.0000000000E+00    0.6453813379E-18    0.0000000000E+00    0.1427494985E-17
    0.2094763092E+00    0.1934160758E-17    0.0000000000E+00   -0.4804485691E-18    0.0000000000E+00    0.1359312063E-17    0.0000000000E+00    0.6415376882E-18    0.0000000000E+00    0.1384681754E-17
    0.2194513716E+00    0.1953031959E-17    0.0000000000E+00   -0.4759620086E-18    0.0000000000E+00    0.1344541932E-17    0.0000000000E+00    0.6440439738E-18    0.0000000000E+00    0.1400528973E-17
    0.2294264339E+00    0.1910636157E-17    0.0000000000E+00   -0.4792386069E-18    0.0000000000E+00    0.1336173881E-17    0.0000000000E+00    0.6401056547E-18    0.0000000000E+00    0.1357027208E-17
    0.2394014963E+00    0.1930669566E-17    0.0000000000E+00   -0.4745757368E-18    0.0000000000E+00    0.1321314315E-17    0.0000000000E+00    0.6427442450E-18    0.0000000000E+00    0.1373612664E-17
    0.2493765586E+00    0.1887227717E-17    0.0000000000E+00   -0.4780563037E-18    0.0000000000E+00    0.1313192254E-17    0.0000000000E+00    0.6387051045E-18    0.0000000000E+00    0.1329388558E-17
    0.2593516209E+00    0.1907816829E-17    0.0000000000E+00   -0.4732084108E-18    0.0000000000E+00    0.1297572746E-17    0.0000000000E+00    0.6414808960E-18    0.0000000000E+00    0.1346736851E-17
    0.2693266833E+00    0.1853209011E-17    0.0000000000E+00   -0.4769065276E-18    0.0000000000E+00    0.1279642598E-17    0.0000000000E+00    0.6373338040E-18    0.0000000000E+00    0.1301759541E-17
    0.2793017456E+00    0.1863326648E-17    0.0000000000E+00   -0.4718621214E-18    0.0000000000E+00    0.1252167943E-17    0.0000000000E+00    0.6402508290E-18    0.0000000000E+00    0.1319896188E-17
    0.2892768080E+00    0.1805460229E-17    0.0000000000E+00   -0.4757882924E-18    0.0000000000E+00    0.1232407408E-17    0.0000000000E+00    0.6359874562E-18    0.0000000000E+00    0.1274135527E-17
    0.2992518703E+00    0.1817243159E-17    0.0000000000E+00   -0.4705343454E-18    0.0000000000E+00    0.1205141853E-17    0.0000000000E+00    0.6390511372E-18    0.0000000000E+00    0.1293087386E-17
    0.3092269327E+00    0.1757922382E-17    0.0000000000E+00   -0.4747010585E-18    0.0000000000E+00    0.1185430191E-17    0.0000000000E+00    0.6346644038E-18    0.0000000000E+00    0.1246512983E-17
    0.3192019950E+00    0.1771222090E-17    0.0000000000E+00   -0.4692240506E-18    0.0000000000E+00    0.1158147662E-17    0.0000000000E+00    0.6378814598E-18    0.0000000000E+00    0.1266308246E-17
    0.3291770574E+00    0.1710418787E-17    0.0000000000E+00   -0.4736447263E-18    0.0000000000E+00    0.1138536730E-17    0.0000000000E+00    0.6333641467E-18    0.0000000000E+00    0.1218888992E-17
    0.3391521197E+00    0.1725275838E-17    0.0000000000E+00   -0.4679301348E-18    0.0000000000E+00    0.1111194773E-17    0.0000000000E+00    0.6367418947E-18    0.0000000000E+00    0.1239557225E-17
    0.3491271820E+00    0.1662912719E-17    0.0000000000E+00   -0.4726192342E-18    0.0000000000E+00    0.1091692849E-17    0.0000000000E+00    0.6320862484E-18    0.0000000000E+00    0.1191261080E-17
    0.3591022444E+00    0.1679397458E-17    0.0000000000E+00   -0.4666514562E-18    0.0000000000E+00    0.1064272963E-17    0.0000000000E+00    0.6356323420E-18    0.0000000000E+00    0.1212833299E-17
    0.3690773067E+00    0.1615385143E-17    0.0000000000E+00   -0.4716245622E-18    0.0000000000E+00    0.1044882396E-17    0.0000000000E+00    0.6308298520E-18    0.0000000000E+00    0.1163627134E-17
    0.3790523691E+00    0.1633581356E-17    0.0000000000E+00   -0.4653867733E-18    0.0000000000E+00    0.1017373247E-17    0.0000000000E+00    0.6345523184E-18    0.0000000000E+00    0.1186135826E-17
    0.3890274314E+00    0.1567823021E-17    0.0000000000E+00   -0.4706606531E-18    0.0000000000E+00    0.9980956881E-18    0.0000000000E+00    0.6295938166E-18    0.0000000000E+00    0.1135985239E-17
    0.3990024938E+00    0.1587824432E-17    0.0000000000E+00   -0.4641346579E-18    0.0000000000E+00    0.9704889785E-18    0.0000000000E+00    0.6335013468E-18    0.0000000000E+00    0.1159464365E-17
    0.4089775561E+00    0.1520216281E-17    0.0000000000E+00   -0.4697273748E-18    0.0000000000E+00    0.9513264162E-18    0.0000000000E+00    0.6283771939E-18    0.0000000000E+00    0.1108333538E-17
    0.4189526185E+00    0.1542125765E-17    0.0000000000E+00   -0.4628935033E-18    0.0000000000E+00    0.9236153828E-18    0.0000000000E+00    0.6324793541E-18    0.0000000000E+00    0.1132818621E-17
    0.4289276808E+00    0.1472556558E-17    0.0000000000E+00   -0.4688246098E-18    0.0000000000E+00    0.9045703633E-18    0.0000000000E+00    0.6271793833E-18    0.0000000000E+00    0.1080670291E-17
    0.4389027431E+00    0.1496486190E-17    0.0000000000E+00   -0.4616616535E-18    0.0000000000E+00    0.8767491329E-18    0.0000000000E+00    0.6314865197E-18    0.0000000000E+00    0.1106198603E-17
    0.4488778055E+00    0.1424836426E-17    0.0000000000E+00   -0.4679524250E-18    0.0000000000E+00    0.8578247926E-18    0.0000000000E+00    0.6259996920E-18    0.0000000000E+00    0.1052994073E-17
    0.4588528678E+00    0.1450907923E-17    0.0000000000E+00   -0.4604375392E-18    0.0000000000E+00    0.8298880258E-18    0.0000000000E+00    0.6305227030E-18    0.0000000000E+00    0.1079604807E-17
    0.4688279302E+00    0.1377048909E-17    0.0000000000E+00   -0.4671111783E-18    0.0000000000E+00    0.8110880278E-18    0.0000000000E+00    0.6248368165E-18    0.0000000000E+00    0.1025303896E-17
    0.4788029925E+00    0.1405394401E-17    0.0000000000E+00   -0.4592197076E-18    0.0000000000E+00    0.7830306672E-18    0.0000000000E+00    0.6295871849E-18    0.0000000000E+00    0.1053038297E-17
    0.4887780549E+00    0.1329187320E-17    0.0000000000E+00   -0.4663015348E-18    0.0000000000E+00    0.7643591162E-18    0.0000000000E+00    0.6236889327E-18    0.0000000000E+00    0.9975992642E-18
    0.4987531172E+00    0.1359950415E-17    0.0000000000E+00   -0.4580068074E-18    0.0000000000E+00    0.7361762180E-18    0.0000000000E+00    0.6286791243E-18    0.0000000000E+00    0.1026500749E-17
    0.5087281796E+00    0.1281245310E-17    0.0000000000E+00   -0.4655244800E-18    0.0000000000E+00    0.7176376037E-18    0.0000000000E+00    0.6225543878E-18    0.0000000000E+00    0.9698801802E-18
    0.5187032419E+00    0.1314582311E-17    0.0000000000E+00   -0.4567975679E-18    0.0000000000E+00    0.6893242387E-18    0.0000000000E+00    0.6277983204E-18    0.0000000000E+00    0.9999944222E-18
    0.5286783042E+00    0.1233216812E-17    0.0000000000E+00   -0.4647813042E-18    0.0000000000E+00    0.6709234184E-18    0.0000000000E+00    0.6214322895E-18    0.0000000000E+00    0.9421470551E-18
    0.5386533666E+00    0.1269297952E-17    0.0000000000E+00   -0.4555907177E-18    0.0000000000E+00    0.6424746283E-18    0.0000000000E+00    0.6269454705E-18    0.0000000000E+00    0.9735220192E-18
    0.5486284289E+00    0.1185095655E-17    0.0000000000E+00   -0.4640735273E-18    0.0000000000E+00    0.6242168483E-18    0.0000000000E+00    0.6203223099E-18    0.0000000000E+00    0.9144005230E-18
    0.5586034913E+00    0.1224106393E-17    0.0000000000E+00   -0.4543848553E-18    0.0000000000E+00    0.5956276582E-18    0.0000000000E+00    0.6261215868E-18    0.0000000000E+00    0.9470865099E-18
    0.5685785536E+00    0.1136874989E-17    0.0000000000E+00   -0.4634027876E-18    0.0000000000E+00    0.5775186332E-18    0.0000000000E+00    0.6192238465E-18    0.0000000000E+00    0.8866412832E-18
    0.5785536160E+00    0.1179017604E-17    0.0000000000E+00   -0.4531782515E-18    0.0000000000E+00    0.5487841060E-18    0.0000000000E+00    0.6253271850E-18    0.0000000000E+00    0.9206910060E-18
    0.5885286783E+00    0.1088546913E-17    0.0000000000E+00   -0.4627706406E-18    0.0000000000E+00    0.5308300739E-18    0.0000000000E+00    0.6181354325E-18    0.0000000000E+00    0.8588699253E-18
    0.5985037406E+00    0.1134042559E-17    0.0000000000E+00   -0.4519685886E-18    0.0000000000E+00    0.5019452630E-18    0.0000000000E+00    0.6245620977E-18    0.0000000000E+00    0.8943384853E-18
    0.6084788030E+00    0.1040102456E-17    0.0000000000E+00   -0.4621784316E-18    0.0000000000E+00    0.4841529019E-18    0.0000000000E+00    0.6170549093E-18    0.0000000000E+00    0.8310865323E-18
    0.6184538653E+00    0.1089193605E-17    0.0000000000E+00   -0.4507529364E-18    0.0000000000E+00    0.4551127113E-18    0.0000000000E+00    0.6238259547E-18    0.0000000000E+00    0.8680314079E-18
    0.6284289277E+00    0.9915315637E-18    0.0000000000E+00   -0.4616275281E-18    0.0000000000E+00    0.4374890613E-18    0.0000000000E+00    0.6159800160E-18    0.0000000000E+00    0.8032904337E-18
    0.6384039900E+00    0.1044484700E-17    0.0000000000E+00   -0.4495280486E-18    0.0000000000E+00    0.4082881887E-18    0.0000000000E+00    0.6231188114E-18    0.0000000000E+00    0.8417717243E-18
    0.6483790524E+00    0.9428228008E-18    0.0000000000E+00   -0.4611197141E-18    0.0000000000E+00    0.3908406715E-18    0.0000000000E+00    0.6149088882E-18    0.0000000000E+00    0.7754804164E-18
    0.6583541147E+00    0.9999314915E-18    0.0000000000E+00   -0.4482905739E-18    0.0000000000E+00    0.3614736031E-18    0.0000000000E+00    0.6224415265E-18    0.0000000000E+00    0.8155612158E-18
    0.6683291771E+00    0.8939629801E-18    0.0000000000E+00   -0.4606573256E-18    0.0000000000E+00    0.3442100361E-18    0.0000000000E+00    0.6138402032E-18    0.0000000000E+00    0.7476550475E-18
    0.6783042394E+00    0.9555515990E-18    0.0000000000E+00   -0.4470369272E-18    0.0000000000E+00    0.3146709947E-18    0.0000000000E+00    0.6217957574E-18    0.0000000000E+00    0.7894017661E-18
    0.6882793017E+00    0.8449370062E-18    0.0000000000E+00   -0.4602431409E-18    0.0000000000E+00    0.2975995531E-18    0.0000000000E+00    0.6127729448E-18    0.0000000000E+00    0.7198128449E-18
    0.6982543641E+00    0.9113652203E-18    0.0000000000E+00   -0.4457630624E-18    0.0000000000E+00    0.2678824071E-18    0.0000000000E+00    0.6211836361E-18    0.0000000000E+00    0.7632955011E-18
    0.7082294264E+00    0.7957278104E-18    0.0000000000E+00   -0.4598803735E-18    0.0000000000E+00    0.2510115776E-18    0.0000000000E+00    0.6117059212E-18    0.0000000000E+00    0.6919523910E-18
    0.7182044888E+00    0.8673957751E-18    0.0000000000E+00   -0.4444644325E-18    0.0000000000E+00    0.2211097719E-18    0.0000000000E+00    0.6206073110E-18    0.0000000000E+00    0.7372449650E-18
    0.7281795511E+00    0.7463159489E-18    0.0000000000E+00   -0.4595728883E-18    0.0000000000E+00    0.2044483628E-18    0.0000000000E+00    0.6106372410E-18    0.0000000000E+00    0.6640725393E-18
    0.7381546135E+00    0.8236702390E-18    0.0000000000E+00   -0.4431360677E-18    0.0000000000E+00    0.1743549172E-18    0.0000000000E+00    0.6200685652E-18    0.0000000000E+00    0.7112533930E-18
    0.7481296758E+00    0.6966786703E-18    0.0000000000E+00   -0.4593254688E-18    0.0000000000E+00    0.1579121276E-18    0.0000000000E+00    0.6095639441E-18    0.0000000000E+00    0.6361726437E-18
    0.7581047382E+00    0.7802192934E-18    0.0000000000E+00   -0.4417725657E-18    0.0000000000E+00    0.1276196487E-18    0.0000000000E+00    0.6195687049E-18    0.0000000000E+00    0.6853248860E-18
    0.7680798005E+00    0.6467887717E-18    0.0000000000E+00   -0.4591439725E-18    0.0000000000E+00    0.1114051043E-18    0.0000000000E+00    0.6084819900E-18    0.0000000000E+00    0.6082525478E-18
    0.7780548628E+00    0.7370778039E-18    0.0000000000E+00   -0.4403678867E-18    0.0000000000E+00    0.8090573104E-19    0.0000000000E+00    0.6191089403E-18    0.0000000000E+00    0.6594642602E-18
    0.7880299252E+00    0.5966136343E-18    0.0000000000E+00   -0.4590353631E-18    0.0000000000E+00    0.6492947326E-19    0.0000000000E+00    0.6073867660E-18    0.0000000000E+00    0.5803122318E-18
    0.7980049875E+00    0.6942859035E-18    0.0000000000E+00   -0.4389150075E-18    0.0000000000E+00    0.3421481455E-19    0.0000000000E+00    0.6186912574E-18    0.0000000000E+00    0.6336766177E-18
    0.8079800499E+00    0.5461143533E-18    0.0000000000E+00   -0.4590077403E-18    0.0000000000E+00    0.1848733444E-19    0.0000000000E+00    0.6062738502E-18    0.0000000000E+00    0.5523512732E-18
    0.8179551122E+00    0.6518904943E-18    0.0000000000E+00   -0.4374055273E-18    0.0000000000E+00   -0.1245153018E-19    0.0000000000E+00    0.6183192840E-18    0.0000000000E+00    0.6079668718E-18
    0.8279301746E+00    0.4952445357E-18    0.0000000000E+00   -0.4590704327E-18    0.0000000000E+00   -0.2791918853E-19    0.0000000000E+00    0.6051393732E-18    0.0000000000E+00    0.5243684012E-18
    0.8379052369E+00    0.6099469316E-18    0.0000000000E+00   -0.4358292226E-18    0.0000000000E+00   -0.5909166355E-19    0.0000000000E+00    0.6179984939E-18    0.0000000000E+00    0.5823395194E-18
    0.8478802993E+00    0.4439484843E-18    0.0000000000E+00   -0.4592341865E-18    0.0000000000E+00   -0.7428776614E-19    0.0000000000E+00    0.6039794451E-18    0.0000000000E+00    0.4963614015E-18
    0.8578553616E+00    0.5685210211E-18    0.0000000000E+00   -0.4341735772E-18    0.0000000000E+00   -0.1057036853E-18    0.0000000000E+00    0.6177355231E-18    0.0000000000E+00    0.5567988489E-18
    0.8678304239E+00    0.3921588037E-18    0.0000000000E+00   -0.4595115364E-18    0.0000000000E+00   -0.1206156624E-18    0.0000000000E+00    0.6027888020E-18    0.0000000000E+00    0.4683274532E-18
    0.8778054863E+00    0.5276917665E-18    0.0000000000E+00   -0.4324232907E-18    0.0000000000E+00   -0.1522852610E-18    0.0000000000E+00    0.6175372207E-18    0.0000000000E+00    0.5313495322E-18
    0.8877805486E+00    0.3397934675E-18    0.0000000000E+00   -0.4599173682E-18    0.0000000000E+00   -0.1668996319E-18    0.0000000000E+00    0.6015596119E-18    0.0000000000E+00    0.4402636338E-18
    0.8977556110E+00    0.4875552155E-18    0.0000000000E+00   -0.4305597002E-18    0.0000000000E+00   -0.1988336864E-18    0.0000000000E+00    0.6174105279E-18    0.0000000000E+00    0.5059970724E-18
    0.9077306733E+00    0.2867519451E-18    0.0000000000E+00   -0.4604697987E-18    0.0000000000E+00   -0.2131361964E-18    0.0000000000E+00    0.6002812871E-18    0.0000000000E+00    0.4121668800E-18
    0.9177057357E+00    0.4482294373E-18    0.0000000000E+00   -0.4285602707E-18    0.0000000000E+00   -0.2453463731E-18    0.0000000000E+00    0.6173636134E-18    0.0000000000E+00    0.4807475358E-18
    0.9276807980E+00    0.2329094915E-18    0.0000000000E+00   -0.4611916746E-18    0.0000000000E+00   -0.2593221927E-18    0.0000000000E+00    0.5989410792E-18    0.0000000000E+00    0.3840332965E-18
    0.9376558603E+00    0.4098607294E-18    0.0000000000E+00   -0.4263980884E-18    0.0000000000E+00   -0.2918213041E-18    0.0000000000E+00    0.6174076448E-18    0.0000000000E+00    0.4556070539E-18
    0.9476309227E+00    0.1781087469E-18    0.0000000000E+00   -0.4621124227E-18    0.0000000000E+00   -0.3054549804E-18    0.0000000000E+00    0.5975244842E-18    0.0000000000E+00    0.3558576281E-18
    0.9576059850E+00    0.3726320678E-18    0.0000000000E+00   -0.4240405186E-18    0.0000000000E+00   -0.3382570080E-18    0.0000000000E+00    0.6175583283E-18    0.0000000000E+00    0.4305818658E-18
    0.9675810474E+00    0.1221482444E-18    0.0000000000E+00   -0.4632696753E-18    0.0000000000E+00   -0.3515322283E-18    0.0000000000E+00    0.5960145690E-18    0.0000000000E+00    0.3276332984E-18
    0.9775561097E+00    0.3367758901E-18    0.0000000000E+00   -0.4214464719E-18    0.0000000000E+00   -0.3846523193E-18    0.0000000000E+00    0.6178367620E-18    0.0000000000E+00    0.4056789653E-18
    0.9875311721E+00    0.6476696431E-19    0.0000000000E+00   -0.4647111385E-18    0.0000000000E+00   -0.3975516949E-18    0.0000000000E+00    0.5943898362E-18    0.0000000000E+00    0.2993527891E-18
    0.9975062344E+00    0.3025936147E-18    0.0000000000E+00   -0.4185626838E-18    0.0000000000E+00   -0.4310062749E-18    0.0000000000E+00    0.6182699221E-18    0.0000000000E+00    0.3809070249E-18
    0.1007481297E+01    0.5622201810E-20    0.0000000000E+00   -0.4664979698E-18    0.0000000000E+00   -0.4435111608E-18    0.0000000000E+00    0.5926209595E-18    0.0000000000E+00    0.2710079063E-18
    0.1017456359E+01    0.2704846505E-18    0.0000000000E+00   -0.4153191838E-18    0.0000000000E+00   -0.4773181283E-18    0.0000000000E+00    0.6188919715E-18    0.0000000000E+00    0.3562772049E-18
    0.1027431421E+01   -0.5574450318E-19    0.0000000000E+00   -0.4687105311E-18    0.0000000000E+00   -0.4894083856E-18    0.0000000000E+00    0.5906670863E-18    0.0000000000E+00    0.2425895158E-18
    0.1037406484E+01    0.2409897485E-18    0.0000000000E+00   -0.4116228919E-18    0.0000000000E+00   -0.5235873505E-18    0.0000000000E+00    0.6197478811E-18    0.0000000000E+00    0.3318036801E-18
    0.1047381546E+01   -0.1199616560E-18    0.0000000000E+00   -0.4714570876E-18    0.0000000000E+00   -0.5352409967E-18    0.0000000000E+00    0.5884716958E-18    0.0000000000E+00    0.2140865819E-18
    0.1057356608E+01    0.2148587235E-18    0.0000000000E+00   -0.4073473704E-18    0.0000000000E+00   -0.5698136132E-18    0.0000000000E+00    0.6209003335E-18    0.0000000000E+00    0.3075040249E-18
    0.1067331671E+01   -0.1879159324E-18    0.0000000000E+00   -0.4748870133E-18    0.0000000000E+00   -0.5810063574E-18    0.0000000000E+00    0.5859563065E-18    0.0000000000E+00    0.1854844458E-18
    0.1077306733E+01    0.1931624100E-18    0.0000000000E+00   -0.4023160018E-18    0.0000000000E+00   -0.6159968842E-18    0.0000000000E+00    0.6224405918E-18    0.0000000000E+00    0.2833997804E-18
    0.1087281796E+01   -0.2608999032E-18    0.0000000000E+00   -0.4792121148E-18    0.0000000000E+00   -0.6267014918E-18    0.0000000000E+00    0.5830086284E-18    0.0000000000E+00    0.1567622558E-18
    0.1097256858E+01    0.1774875008E-18    0.0000000000E+00   -0.3962737616E-18    0.0000000000E+00   -0.6621376725E-18    0.0000000000E+00    0.6245056084E-18    0.0000000000E+00    0.2595178863E-18
    0.1107231920E+01   -0.3408733582E-18    0.0000000000E+00   -0.4847432456E-18    0.0000000000E+00   -0.6723228734E-18    0.0000000000E+00    0.5794599173E-18    0.0000000000E+00    0.1278894542E-18
    0.1117206983E+01    0.1702941319E-18    0.0000000000E+00   -0.3888376736E-18    0.0000000000E+00   -0.7082372737E-18    0.0000000000E+00    0.6273081087E-18    0.0000000000E+00    0.2358942482E-18
    0.1127182045E+01   -0.4309584882E-18    0.0000000000E+00   -0.4919571502E-18    0.0000000000E+00   -0.7178657867E-18    0.0000000000E+00    0.5750417129E-18    0.0000000000E+00    0.9882066406E-19
    0.1137157107E+01    0.1756189080E-18    0.0000000000E+00   -0.3794039038E-18    0.0000000000E+00   -0.7542981973E-18    0.0000000000E+00    0.6311960165E-18    0.0000000000E+00    0.2125813593E-18
    0.1147132170E+01   -0.5364586373E-18    0.0000000000E+00   -0.5016276643E-18    0.0000000000E+00   -0.7633231348E-18    0.0000000000E+00    0.5692982598E-18    0.0000000000E+00    0.6948646527E-19
    0.1157107232E+01    0.2005910969E-18    0.0000000000E+00   -0.3669577080E-18    0.0000000000E+00   -0.8003255315E-18    0.0000000000E+00    0.6367816158E-18    0.0000000000E+00    0.1896636101E-18
    0.1167082294E+01   -0.6671867307E-18    0.0000000000E+00   -0.5151092759E-18    0.0000000000E+00   -0.8086830360E-18    0.0000000000E+00    0.5613884205E-18    0.0000000000E+00    0.3977317720E-19
    0.1177057357E+01    0.2591354659E-18    0.0000000000E+00   -0.3496366917E-18    0.0000000000E+00   -0.8463309412E-18    0.0000000000E+00    0.6452561557E-18    0.0000000000E+00    0.1672903073E-18
    0.1187032419E+01   -0.8436183561E-18    0.0000000000E+00   -0.5350391306E-18    0.0000000000E+00   -0.8539222307E-18    0.0000000000E+00    0.5495650831E-18    0.0000000000E+00    0.9472366038E-20
    0.1197007481E+01    0.3827465725E-18    0.0000000000E+00   -0.3235455178E-18    0.0000000000E+00   -0.8923455513E-18    0.0000000000E+00    0.6592984591E-18    0.0000000000E+00    0.1457605332E-18
    0.1206982544E+01   -0.1117054738E-17    0.0000000000E+00   -0.5674732836E-18    0.0000000000E+00   -0.8989816497E-18    0.0000000000E+00    0.5294822037E-18    0.0000000000E+00   -0.2186888810E-19
    0.1216957606E+01    0.6616421822E-18    0.0000000000E+00   -0.2785642003E-18    0.0000000000E+00   -0.9384754209E-18    0.0000000000E+00    0.6865101450E-18    0.0000000000E+00    0.1258088447E-18
    0.1226932668E+01   -0.1664293376E-17    0.0000000000E+00   -0.6311602782E-18    0.0000000000E+00   -0.9436286551E-18    0.0000000000E+00    0.4863476636E-18    0.0000000000E+00   -0.5556212108E-19
    0.1236907731E+01    0.1505731673E-17    0.0000000000E+00   -0.1737170418E-18    0.0000000000E+00   -0.9853297843E-18    0.0000000000E+00    0.7608364858E-18    0.0000000000E+00    0.1101709126E-18
    0.1246882793E+01   -0.3784980478E-17    0.0000000000E+00   -0.8486292510E-18    0.0000000000E+00   -0.9855694847E-18    0.0000000000E+00    0.3141745625E-18    0.0000000000E+00   -0.9927115846E-19
    0.1256857855E+01    0.1699216217E-16    0.0000000000E+00    0.1207385496E-17    0.0000000000E+00   -0.1057893197E-17    0.0000000000E+00    0.2005922469E-17    0.0000000000E+00    0.1724369126E-18
    0.1266832918E+01    0.3485573278E-16    0.0000000000E+00    0.3722652491E-17    0.0000000000E+00   -0.1296163525E-17    0.0000000000E+00    0.2804982312E-17    0.0000000000E+00    0.2166698801E-19
    0.1276807980E+01    0.3454677132E-16    0.0000000000E+00    0.4406252018E-17    0.0000000000E+00   -0.1608926746E-17    0.0000000000E+00    0.2157251614E-17    0.0000000000E+00    0.4431910543E-19
    0.1286783042E+01    0.4006815258E-16    0.0000000000E+00    0.3722277471E-17    0.0000000000E+00   -0.1908519730E-17    0.0000000000E+00    0.2263583423E-17    0.0000000000E+00   -0.3313854520E-18
    0.1296758105E+01    0.5205532385E-16    0.0000000000E+00    0.1126658419E-16    0.0000000000E+00   -0.2300866629E-17    0.0000000000E+00    0.3048822478E-17    0.0000000000E+00    0.3556655379E-18
    0.1306733167E+01    0.6432547737E-16    0.0000000000E+00    0.1675466666E-16    0.0000000000E+00   -0.2770969906E-17    0.0000000000E+00    0.3544470664E-17    0.0000000000E+00    0.2584510212E-18
    0.1316708229E+01    0.6564499360E-16    0.0000000000E+00    0.1668516310E-16    0.0000000000E+00   -0.3312960240E-17    0.0000000000E+00    0.3199890959E-17    0.0000000000E+00    0.5480976438E-19
    0.1326683292E+01    0.7164424158E-16    0.0000000000E+00    0.1835715213E-16    0.0000000000E+00   -0.3846308133E-17    0.0000000000E+00    0.3446522406E-17    0.0000000000E+00   -0.2496286470E-18
    0.1336658354E+01    0.7317011323E-16    0.0000000000E+00    0.1839597735E-16    0.0000000000E+00   -0.4439484596E-17    0.0000000000E+00    0.3402048607E-17    0.0000000000E+00   -0.3005468752E-18
    0.1346633416E+01    0.7764911681E-16    0.0000000000E+00    0.1932949452E-16    0.0000000000E+00   -0.5014324985E-17    0.0000000000E+00    0.3709708470E-17    0.0000000000E+00   -0.5893681907E-18
    0.1356608479E+01    0.7898576315E-16    0.0000000000E+00    0.1922697009E-16    0.0000000000E+00   -0.5645088378E-17    0.0000000000E+00    0.3796465347E-17    0.0000000000E+00   -0.5805370021E-18
    0.1366583541E+01    0.8261802791E-16    0.0000000000E+00    0.1977196567E-16    0.0000000000E+00   -0.6250524834E-17    0.0000000000E+00    0.4137751972E-17    0.0000000000E+00   -0.8668966952E-18
    0.1376558603E+01    0.8378820072E-16    0.0000000000E+00    0.1954750216E-16    0.0000000000E+00   -0.6910248439E-17    0.0000000000E+00    0.4291251131E-17    0.0000000000E+00   -0.8294606666E-18
    0.1386533666E+01    0.8688035287E-16    0.0000000000E+00    0.1984793273E-16    0.0000000000E+00   -0.7539171133E-17    0.0000000000E+00    0.4643878228E-17    0.0000000000E+00   -0.1123550819E-17
    0.1396508728E+01    0.8792616221E-16    0.0000000000E+00    0.1953202487E-16    0.0000000000E+00   -0.8222226844E-17    0.0000000000E+00    0.4832862614E-17    0.0000000000E+00   -0.1072812957E-17
    0.1406483791E+01    0.9066102453E-16    0.0000000000E+00    0.1966149938E-16    0.0000000000E+00   -0.8869605831E-17    0.0000000000E+00    0.5175264580E-17    0.0000000000E+00   -0.1379022264E-17
    0.1416458853E+01    0.9157061504E-16    0.0000000000E+00    0.1928233617E-16    0.0000000000E+00   -0.9572469909E-17    0.0000000000E+00    0.5414153208E-17    0.0000000000E+00   -0.1326701962E-17
    0.1426433915E+01    0.9448619523E-16    0.0000000000E+00    0.1927028351E-16    0.0000000000E+00   -0.1023387386E-16    0.0000000000E+00    0.5433464535E-17    0.0000000000E+00   -0.1637595829E-17
    0.1436408978E+01    0.1028471142E-15    0.0000000000E+00    0.1933094276E-16    0.0000000000E+00   -0.1098181038E-16    0.0000000000E+00    0.3321459579E-18    0.0000000000E+00   -0.1932904413E-17
    0.1446384040E+01    0.1104006723E-15    0.0000000000E+00    0.2006974341E-16    0.0000000000E+00   -0.1174475969E-16    0.0000000000E+00   -0.3168450320E-17    0.0000000000E+00   -0.2865347409E-17
    0.1456359102E+01    0.1140645258E-15    0.0000000000E+00    0.1979706949E-16    0.0000000000E+00   -0.1259027524E-16    0.0000000000E+00   -0.5041642302E-17    0.0000000000E+00   -0.2959057823E-17
    0.1466334165E+01    0.1192806492E-15    0.0000000000E+00    0.2044628109E-16    0.0000000000E+00   -0.1341280832E-16    0.0000000000E+00   -0.7026290558E-17    0.0000000000E+00   -0.3902863733E-17
    0.1476309227E+01    0.1250625356E-15    0.0000000000E+00    0.2247749093E-16    0.0000000000E+00   -0.1432244310E-16    0.0000000000E+00   -0.1044722583E-16    0.0000000000E+00   -0.5664718634E-17
    0.1486284289E+01    0.1303313899E-15    0.0000000000E+00    0.2384532562E-16    0.0000000000E+00   -0.1521829168E-16    0.0000000000E+00   -0.1259984190E-16    0.0000000000E+00   -0.7209182260E-17
    0.1496259352E+01    0.1330971044E-15    0.0000000000E+00    0.2416076892E-16    0.0000000000E+00   -0.1618911767E-16    0.0000000000E+00   -0.1391787730E-16    0.0000000000E+00   -0.7791405820E-17
    0.1506234414E+01    0.1362442919E-15    0.0000000000E+00    0.2437478742E-16    0.0000000000E+00   -0.1712114423E-16    0.0000000000E+00   -0.1463448302E-16    0.0000000000E+00   -0.8577159344E-17
    0.1516209476E+01    0.1377410821E-15    0.0000000000E+00    0.2401043120E-16    0.0000000000E+00   -0.1811837041E-16    0.0000000000E+00   -0.1504953012E-16    0.0000000000E+00   -0.8689744365E-17
    0.1526184539E+01    0.1399562757E-15    0.0000000000E+00    0.2376793826E-16    0.0000000000E+00   -0.1906504878E-16    0.0000000000E+00   -0.1514641751E-16    0.0000000000E+00   -0.9199356530E-17
    0.1536159601E+01    0.1408495481E-15    0.0000000000E+00    0.2310404734E-16    0.0000000000E+00   -0.2007419977E-16    0.0000000000E+00   -0.1512194475E-16    0.0000000000E+00   -0.9107050829E-17
    0.1546134663E+01    0.1425715388E-15    0.0000000000E+00    0.2264299456E-16    0.0000000000E+00   -0.2102546182E-16    0.0000000000E+00   -0.1489860909E-16    0.0000000000E+00   -0.9506749496E-17
    0.1556109726E+01    0.1431428999E-15    0.0000000000E+00    0.2183047257E-16    0.0000000000E+00   -0.2203938976E-16    0.0000000000E+00   -0.1463255600E-16    0.0000000000E+00   -0.9315807947E-17
    0.1566084788E+01    0.1445761377E-15    0.0000000000E+00    0.2125391271E-16    0.0000000000E+00   -0.2298989085E-16    0.0000000000E+00   -0.1422721208E-16    0.0000000000E+00   -0.9678899871E-17
    0.1576059850E+01    0.1449642916E-15    0.0000000000E+00    0.2036228026E-16    0.0000000000E+00   -0.2400475402E-16    0.0000000000E+00   -0.1381792969E-16    0.0000000000E+00   -0.9438969055E-17
    0.1586034913E+01    0.1462171650E-15    0.0000000000E+00    0.1972078413E-16    0.0000000000E+00   -0.2495144110E-16    0.0000000000E+00   -0.1330273666E-16    0.0000000000E+00   -0.9802690043E-17
    0.1596009975E+01    0.1464973490E-15    0.0000000000E+00    0.1878498540E-16    0.0000000000E+00   -0.2596509890E-16    0.0000000000E+00   -0.1280399820E-16    0.0000000000E+00   -0.9539209348E-17
    0.1605985037E+01    0.1476324574E-15    0.0000000000E+00    0.1810528584E-16    0.0000000000E+00   -0.2690614471E-16    0.0000000000E+00   -0.1221970850E-16    0.0000000000E+00   -0.9924556163E-17
    0.1615960100E+01    0.1478482561E-15    0.0000000000E+00    0.1714370556E-16    0.0000000000E+00   -0.2791741005E-16    0.0000000000E+00   -0.1166286026E-16    0.0000000000E+00   -0.9651303042E-17
    0.1625935162E+01    0.1489040652E-15    0.0000000000E+00    0.1644053417E-16    0.0000000000E+00   -0.2885168584E-16    0.0000000000E+00   -0.1103374628E-16    0.0000000000E+00   -0.1007127557E-16
    0.1635910224E+01    0.1490819394E-15    0.0000000000E+00    0.1546292373E-16    0.0000000000E+00   -0.2985994026E-16    0.0000000000E+00   -0.1043788309E-16    0.0000000000E+00   -0.9795922672E-17
    0.1645885287E+01    0.1500832427E-15    0.0000000000E+00    0.1474450105E-16    0.0000000000E+00   -0.3078673150E-16    0.0000000000E+00   -0.9778933915E-17    0.0000000000E+00   -0.1025938448E-16
    0.1655860349E+01    0.1502398249E-15    0.0000000000E+00    0.1375580838E-16    0.0000000000E+00   -0.3179171249E-16    0.0000000000E+00   -0.9156030576E-17    0.0000000000E+00   -0.9986207773E-17
    0.1665835411E+01    0.1512032281E-15    0.0000000000E+00    0.1302661101E-16    0.0000000000E+00   -0.3271055530E-16    0.0000000000E+00   -0.8476713077E-17    0.0000000000E+00   -0.1049986539E-16
    0.1675810474E+01    0.1513492475E-15    0.0000000000E+00    0.1202896408E-16    0.0000000000E+00   -0.3371223257E-16    0.0000000000E+00   -0.7834397733E-17    0.0000000000E+00   -0.1023115803E-16
    0.1685785536E+01    0.1522862476E-15    0.0000000000E+00    0.1129120487E-16    0.0000000000E+00   -0.3462281444E-16    0.0000000000E+00   -0.7140745677E-17    0.0000000000E+00   -0.1080065571E-16
    0.1695760599E+01    0.1524287720E-15    0.0000000000E+00    0.1028498854E-16    0.0000000000E+00   -0.3562131558E-16    0.0000000000E+00   -0.6483880840E-17    0.0000000000E+00   -0.1053750503E-16
    0.1705735661E+01    0.1533475722E-15    0.0000000000E+00    0.9539447823E-17    0.0000000000E+00   -0.3652341263E-16    0.0000000000E+00   -0.5779712731E-17    0.0000000000E+00   -0.1116807885E-16
    0.1715710723E+01    0.1534913450E-15    0.0000000000E+00    0.8523909311E-17    0.0000000000E+00   -0.3751897785E-16    0.0000000000E+00   -0.5111337053E-17    0.0000000000E+00   -0.1091081107E-16
    0.1725685786E+01    0.1543979756E-15    0.0000000000E+00    0.7770413492E-17    0.0000000000E+00   -0.3841241363E-16    0.0000000000E+00   -0.4398994688E-17    0.0000000000E+00   -0.1160771720E-16
    0.1735660848E+01    0.1545462452E-15    0.0000000000E+00    0.6744005314E-17    0.0000000000E+00   -0.3940536847E-16    0.0000000000E+00   -0.3720902937E-17    0.0000000000E+00   -0.1135616033E-16
    0.1745635910E+01    0.1554452806E-15    0.0000000000E+00    0.5981706094E-17    0.0000000000E+00   -0.4028998583E-16    0.0000000000E+00   -0.3001711802E-17    0.0000000000E+00   -0.1212498864E-16
    0.1755610973E+01    0.1556003318E-15    0.0000000000E+00    0.4942275725E-17    0.0000000000E+00   -0.4128072561E-16    0.0000000000E+00   -0.2314818642E-17    0.0000000000E+00   -0.1187863114E-16
    0.1765586035E+01    0.1564953657E-15    0.0000000000E+00    0.4169810109E-17    0.0000000000E+00   -0.4215636666E-16    0.0000000000E+00   -0.1589377600E-17    0.0000000000E+00   -0.1272556602E-16
    0.1775561097E+01    0.1566588733E-15    0.0000000000E+00    0.3114694963E-17    0.0000000000E+00   -0.4314534880E-16    0.0000000000E+00   -0.8939445789E-18    0.0000000000E+00   -0.1248365237E-16
    0.1785536160E+01    0.1575528465E-15    0.0000000000E+00    0.2330270579E-17    0.0000000000E+00   -0.4401183957E-16    0.0000000000E+00   -0.1623050865E-18    0.0000000000E+00   -0.1341571865E-16
    0.1795511222E+01    0.1577261220E-15    0.0000000000E+00    0.1256330375E-17    0.0000000000E+00   -0.4499958127E-16    0.0000000000E+00    0.5419233194E-18    0.0000000000E+00   -0.1317730407E-16
    0.1805486284E+01    0.1586215619E-15    0.0000000000E+00    0.4577611510E-18    0.0000000000E+00   -0.4585671871E-16    0.0000000000E+00    0.1280152259E-17    0.0000000000E+00   -0.1420262545E-16
    0.1815461347E+01    0.1588057363E-15    0.0000000000E+00   -0.6386351826E-18    0.0000000000E+00   -0.4684379860E-16    0.0000000000E+00    0.1993874992E-17    0.0000000000E+00   -0.1396660230E-16
    0.1825436409E+01    0.1597049417E-15    0.0000000000E+00   -0.1453929359E-17    0.0000000000E+00   -0.4769133838E-16    0.0000000000E+00    0.2739474689E-17    0.0000000000E+00   -0.1509469714E-16
    0.1835411471E+01    0.1599011115E-15    0.0000000000E+00   -0.2576954712E-17    0.0000000000E+00   -0.4867840155E-16    0.0000000000E+00    0.3463808280E-17    0.0000000000E+00   -0.1485980084E-16
    0.1845386534E+01    0.1608063051E-15    0.0000000000E+00   -0.3411977472E-17    0.0000000000E+00   -0.4951604596E-16    0.0000000000E+00    0.4217939237E-17    0.0000000000E+00   -0.1610194271E-16
    0.1855361596E+01    0.1610156562E-15    0.0000000000E+00   -0.4566432921E-17    0.0000000000E+00   -0.5050381240E-16    0.0000000000E+00    0.4954431516E-17    0.0000000000E+00   -0.1586674148E-16
    0.1865336658E+01    0.1619291210E-15    0.0000000000E+00   -0.5424667239E-17    0.0000000000E+00   -0.5133119811E-16    0.0000000000E+00    0.5718661647E-17    0.0000000000E+00   -0.1723641905E-16
    0.1875311721E+01    0.1621530482E-15    0.0000000000E+00   -0.6616106931E-17    0.0000000000E+00   -0.5232047543E-16    0.0000000000E+00    0.6469349344E-17    0.0000000000E+00   -0.1699929061E-16
    0.1885286783E+01    0.1630772611E-15    0.0000000000E+00   -0.7501597013E-17    0.0000000000E+00   -0.5313716107E-16    0.0000000000E+00    0.7245726733E-17    0.0000000000E+00   -0.1851281305E-16
    0.1895261845E+01    0.1633174918E-15    0.0000000000E+00   -0.8736496825E-17    0.0000000000E+00   -0.5412886195E-16    0.0000000000E+00    0.8013244935E-17    0.0000000000E+00   -0.1827190706E-16
    0.1905236908E+01    0.1642552678E-15    0.0000000000E+00   -0.9653957485E-17    0.0000000000E+00   -0.5493431500E-16    0.0000000000E+00    0.8804427128E-17    0.0000000000E+00   -0.1994922047E-16
    0.1915211970E+01    0.1645140030E-15    0.0000000000E+00   -0.1093993780E-16    0.0000000000E+00   -0.5592947908E-16    0.0000000000E+00    0.9592188137E-17    0.0000000000E+00   -0.1970240267E-16
    0.1925187032E+01    0.1654686584E-15    0.0000000000E+00   -0.1189489312E-16    0.0000000000E+00   -0.5672306114E-16    0.0000000000E+00    0.1040164918E-16    0.0000000000E+00   -0.2156821532E-16
    0.1935162095E+01    0.1657487406E-15    0.0000000000E+00   -0.1324100939E-16    0.0000000000E+00   -0.5772288069E-16    0.0000000000E+00    0.1121412003E-16    0.0000000000E+00   -0.2131298436E-16
    0.1945137157E+01    0.1667242891E-15    0.0000000000E+00   -0.1423996128E-16    0.0000000000E+00   -0.5850383136E-16    0.0000000000E+00    0.1204647243E-16    0.0000000000E+00   -0.2339835402E-16
    0.1955112219E+01    0.1670294080E-15    0.0000000000E+00   -0.1565708183E-16    0.0000000000E+00   -0.5950967961E-16    0.0000000000E+00    0.1288960205E-16    0.0000000000E+00   -0.2313171557E-16
    0.1965087282E+01    0.1680308000E-15    0.0000000000E+00   -0.1670770598E-16    0.0000000000E+00   -0.6027710134E-16    0.0000000000E+00    0.1375109779E-16    0.0000000000E+00   -0.2547634834E-16
    0.1975062344E+01    0.1683657499E-15    0.0000000000E+00   -0.1820900436E-16    0.0000000000E+00   -0.6129056059E-16    0.0000000000E+00    0.1463298052E-16    0.0000000000E+00   -0.2519461838E-16
    0.1985037406E+01    0.1693991710E-15    0.0000000000E+00   -0.1932036258E-16    0.0000000000E+00   -0.6204341145E-16    0.0000000000E+00    0.1553230068E-16    0.0000000000E+00   -0.2785029863E-16
    0.1995012469E+01    0.1697701726E-15    0.0000000000E+00   -0.2092196241E-16    0.0000000000E+00   -0.6306629180E-16    0.0000000000E+00    0.1646422432E-16    0.0000000000E+00   -0.2754878061E-16
    0.2004987531E+01    0.1708434140E-15    0.0000000000E+00   -0.2210469870E-16    0.0000000000E+00   -0.6380340363E-16    0.0000000000E+00    0.1741374809E-16    0.0000000000E+00   -0.3058466824E-16
    0.2014962594E+01    0.1712585118E-15    0.0000000000E+00   -0.2382652312E-16    0.0000000000E+00   -0.6483772684E-16    0.0000000000E+00    0.1841188833E-16    0.0000000000E+00   -0.3025709045E-16
    0.2024937656E+01    0.1723814187E-15    0.0000000000E+00   -0.2509296315E-16    0.0000000000E+00   -0.6555789214E-16    0.0000000000E+00    0.1942978813E-16    0.0000000000E+00   -0.3376824798E-16
    0.2034912718E+01    0.1728509518E-15    0.0000000000E+00   -0.2695986728E-16    0.0000000000E+00   -0.6660577101E-16    0.0000000000E+00    0.2051803288E-16    0.0000000000E+00   -0.3340571802E-16
    0.2044887781E+01    0.1740359424E-15    0.0000000000E+00   -0.2832383544E-16    0.0000000000E+00   -0.6730801525E-16    0.0000000000E+00    0.2163185756E-16    0.0000000000E+00   -0.3752756537E-16
    0.2054862843E+01    0.1745730658E-15    0.0000000000E+00   -0.3036715639E-16    0.0000000000E+00   -0.6837123419E-16    0.0000000000E+00    0.2284670045E-16    0.0000000000E+00   -0.3711650324E-16
    0.2064837905E+01    0.1758356705E-15    0.0000000000E+00   -0.3184308084E-16    0.0000000000E+00   -0.6905560759E-16    0.0000000000E+00    0.2409978151E-16    0.0000000000E+00   -0.4205101423E-16
    0.2074812968E+01    0.1764568353E-15    0.0000000000E+00   -0.3410288222E-16    0.0000000000E+00   -0.7013431844E-16    0.0000000000E+00    0.2549920429E-16    0.0000000000E+00   -0.4156879586E-16
    0.2084788030E+01    0.1778161063E-15    0.0000000000E+00   -0.3570313178E-16    0.0000000000E+00   -0.7080426668E-16    0.0000000000E+00    0.2696273118E-16    0.0000000000E+00   -0.4763638944E-16
    0.2094763092E+01    0.1785412529E-15    0.0000000000E+00   -0.3823182235E-16    0.0000000000E+00   -0.7189280985E-16    0.0000000000E+00    0.2864316264E-16    0.0000000000E+00   -0.4704139707E-16
    0.2104738155E+01    0.1800196115E-15    0.0000000000E+00   -0.3995933872E-16    0.0000000000E+00   -0.7256301804E-16    0.0000000000E+00    0.3044024615E-16    0.0000000000E+00   -0.5479703820E-16
    0.2114713217E+01    0.1808714128E-15    0.0000000000E+00   -0.4282864233E-16    0.0000000000E+00   -0.7363479661E-16    0.0000000000E+00    0.3257012823E-16    0.0000000000E+00   -0.5400267011E-16
    0.2124688279E+01    0.1824927429E-15    0.0000000000E+00   -0.4465489104E-16    0.0000000000E+00   -0.7436238750E-16    0.0000000000E+00    0.3492527805E-16    0.0000000000E+00   -0.6454455407E-16
    0.2134663342E+01    0.1834933714E-15    0.0000000000E+00   -0.4797349678E-16    0.0000000000E+00   -0.7530038498E-16    0.0000000000E+00    0.3780685880E-16    0.0000000000E+00   -0.6332850297E-16
    0.2144638404E+01    0.1852764585E-15    0.0000000000E+00   -0.4975577837E-16    0.0000000000E+00   -0.7635844648E-16    0.0000000000E+00    0.4113608734E-16    0.0000000000E+00   -0.7936544776E-16
    0.2154613466E+01    0.1864423031E-15    0.0000000000E+00   -0.5374441499E-16    0.0000000000E+00   -0.7643978733E-16    0.0000000000E+00    0.4522605952E-16    0.0000000000E+00   -0.7676614947E-16
    0.2164588529E+01    0.1883848964E-15    0.0000000000E+00   -0.5470074523E-16    0.0000000000E+00   -0.8040468156E-16    0.0000000000E+00    0.5018971929E-16    0.0000000000E+00   -0.1089064268E-15
    0.2174563591E+01    0.1898553543E-15    0.0000000000E+00   -0.6158301197E-16    0.0000000000E+00   -0.5703896421E-16    0.0000000000E+00    0.5364596213E-16    0.0000000000E+00   -0.8045171773E-16
    0.2184538653E+01    0.1924754775E-15    0.0000000000E+00   -0.6351258603E-16    0.0000000000E+00    0.8618955949E-16    0.0000000000E+00    0.4482084166E-16    0.0000000000E+00   -0.8648524467E-16
    0.2194513716E+01    0.1923204473E-15    0.0000000000E+00   -0.6334917513E-16    0.0000000000E+00    0.1520389919E-15    0.0000000000E+00    0.4960500054E-16    0.0000000000E+00   -0.1345343680E-15
    0.2204488778E+01    0.1926851982E-15    0.0000000000E+00   -0.6969615492E-16    0.0000000000E+00    0.1440826742E-15    0.0000000000E+00    0.5826760754E-16    0.0000000000E+00   -0.1082262759E-15
    0.2214463840E+01    0.1928936024E-15    0.0000000000E+00   -0.7106801716E-16    0.0000000000E+00    0.1482163417E-15    0.0000000000E+00    0.6371163412E-16    0.0000000000E+00   -0.1270775667E-15
    0.2224438903E+01    0.1938335930E-15    0.0000000000E+00   -0.7406366890E-16    0.0000000000E+00    0.1458381261E-15    0.0000000000E+00    0.6986804695E-16    0.0000000000E+00   -0.1237390325E-15
    0.2234413965E+01    0.1942156903E-15    0.0000000000E+00   -0.7476718782E-16    0.0000000000E+00    0.1477884053E-15    0.0000000000E+00    0.7519600474E-16    0.0000000000E+00   -0.1406222157E-15
    0.2244389027E+01    0.1952489961E-15    0.0000000000E+00   -0.7622380681E-16    0.0000000000E+00    0.1465296320E-15    0.0000000000E+00    0.8121376618E-16    0.0000000000E+00   -0.1428960860E-15
    0.2254364090E+01    0.1955837864E-15    0.0000000000E+00   -0.7590451092E-16    0.0000000000E+00    0.1477979668E-15    0.0000000000E+00    0.8690885247E-16    0.0000000000E+00   -0.1584508617E-15
    0.2264339152E+01    0.1965115049E-15    0.0000000000E+00   -0.7578557985E-16    0.0000000000E+00    0.1469781066E-15    0.0000000000E+00    0.9318653630E-16    0.0000000000E+00   -0.1625852768E-15
    0.2274314214E+01    0.1966556609E-15    0.0000000000E+00   -0.7400710709E-16    0.0000000000E+00    0.1479279680E-15    0.0000000000E+00    0.9922167402E-16    0.0000000000E+00   -0.1762097678E-15
    0.2284289277E+01    0.1973580642E-15    0.0000000000E+00   -0.7203705389E-16    0.0000000000E+00    0.1473341591E-15    0.0000000000E+00    0.1056339108E-15    0.0000000000E+00   -0.1796755482E-15
    0.2294264339E+01    0.1972353724E-15    0.0000000000E+00   -0.6846125936E-16    0.0000000000E+00    0.1481039979E-15    0.0000000000E+00    0.1116942014E-15    0.0000000000E+00   -0.1897037307E-15
    0.2304239401E+01    0.1976793405E-15    0.0000000000E+00   -0.6451954385E-16    0.0000000000E+00    0.1476465111E-15    0.0000000000E+00    0.1178750957E-15    0.0000000000E+00   -0.1896682279E-15
    0.2314214464E+01    0.1973130537E-15    0.0000000000E+00   -0.5919643168E-16    0.0000000000E+00    0.1483031411E-15    0.0000000000E+00    0.1235404420E-15    0.0000000000E+00   -0.1935529643E-15
    0.2324189526E+01    0.1975749909E-15    0.0000000000E+00   -0.5369714517E-16    0.0000000000E+00    0.1479369244E-15    0.0000000000E+00    0.1291256169E-15    0.0000000000E+00   -0.1869052419E-15
    0.2334164589E+01    0.1970858835E-15    0.0000000000E+00   -0.4739687940E-16    0.0000000000E+00    0.1485171457E-15    0.0000000000E+00    0.1341257006E-15    0.0000000000E+00   -0.1820589921E-15
    0.2344139651E+01    0.1973039241E-15    0.0000000000E+00   -0.4154096753E-16    0.0000000000E+00    0.1482161642E-15    0.0000000000E+00    0.1390141990E-15    0.0000000000E+00   -0.1665559127E-15
    0.2354114713E+01    0.1968131515E-15    0.0000000000E+00   -0.3578070921E-16    0.0000000000E+00    0.1487415900E-15    0.0000000000E+00    0.1434115369E-15    0.0000000000E+00   -0.1520204650E-15
    0.2364089776E+01    0.1970555844E-15    0.0000000000E+00   -0.3127751988E-16    0.0000000000E+00    0.1484890017E-15    0.0000000000E+00    0.1478004489E-15    0.0000000000E+00   -0.1279828196E-15
    0.2374064838E+01    0.1965581329E-15    0.0000000000E+00   -0.2769311649E-16    0.0000000000E+00    0.1489731757E-15    0.0000000000E+00    0.1518232623E-15    0.0000000000E+00   -0.1058277056E-15
    0.2384039900E+01    0.1967504640E-15    0.0000000000E+00   -0.2587822005E-16    0.0000000000E+00    0.1487578537E-15    0.0000000000E+00    0.1558704122E-15    0.0000000000E+00   -0.7665262742E-16
    0.2394014963E+01    0.1961315297E-15    0.0000000000E+00   -0.2528537684E-16    0.0000000000E+00    0.1492105424E-15    0.0000000000E+00    0.1595129468E-15    0.0000000000E+00   -0.5135835603E-16
    0.2403990025E+01    0.1961617429E-15    0.0000000000E+00   -0.2638437701E-16    0.0000000000E+00    0.1490256722E-15    0.0000000000E+00    0.1630290802E-15    0.0000000000E+00   -0.2178231032E-16
    0.2413965087E+01    0.1953515916E-15    0.0000000000E+00   -0.2844027938E-16    0.0000000000E+00    0.1494548329E-15    0.0000000000E+00    0.1659530363E-15    0.0000000000E+00    0.2140602829E-17
    0.2423940150E+01    0.1952152439E-15    0.0000000000E+00   -0.3168942700E-16    0.0000000000E+00    0.1492963114E-15    0.0000000000E+00    0.1685392622E-15    0.0000000000E+00    0.2845017740E-16
    0.2433915212E+01    0.1942754551E-15    0.0000000000E+00   -0.3537691462E-16    0.0000000000E+00    0.1497081826E-15    0.0000000000E+00    0.1703738751E-15    0.0000000000E+00    0.4830398532E-16
    0.2443890274E+01    0.1940846286E-15    0.0000000000E+00   -0.3968786094E-16    0.0000000000E+00    0.1495728367E-15    0.0000000000E+00    0.1717621712E-15    0.0000000000E+00    0.6974363482E-16
    0.2453865337E+01    0.1931532033E-15    0.0000000000E+00   -0.4397132483E-16    0.0000000000E+00    0.1499715571E-15    0.0000000000E+00    0.1723749345E-15    0.0000000000E+00    0.8479325195E-16
    0.2463840399E+01    0.1930486486E-15    0.0000000000E+00   -0.4845090749E-16    0.0000000000E+00    0.1498560641E-15    0.0000000000E+00    0.1725726577E-15    0.0000000000E+00    0.1013661172E-15
    0.2473815461E+01    0.1922504548E-15    0.0000000000E+00   -0.5260921609E-16    0.0000000000E+00    0.1502437812E-15    0.0000000000E+00    0.1720868300E-15    0.0000000000E+00    0.1120606215E-15
    0.2483790524E+01    0.1923311090E-15    0.0000000000E+00   -0.5671753906E-16    0.0000000000E+00    0.1501444779E-15    0.0000000000E+00    0.1713024406E-15    0.0000000000E+00    0.1245328914E-15
    0.2493765586E+01    0.1917345586E-15    0.0000000000E+00   -0.6036980954E-16    0.0000000000E+00    0.1505219160E-15    0.0000000000E+00    0.1699759026E-15    0.0000000000E+00    0.1317500992E-15
    0.2503740648E+01    0.1920398835E-15    0.0000000000E+00   -0.6386368926E-16    0.0000000000E+00    0.1504350716E-15    0.0000000000E+00    0.1684890122E-15    0.0000000000E+00    0.1410589132E-15
    0.2513715711E+01    0.1916586231E-15    0.0000000000E+00   -0.6687176766E-16    0.0000000000E+00    0.1508021827E-15    0.0000000000E+00    0.1665993997E-15    0.0000000000E+00    0.1456828390E-15
    0.2523690773E+01    0.1921822633E-15    0.0000000000E+00   -0.6969561101E-16    0.0000000000E+00    0.1507243281E-15    0.0000000000E+00    0.1646719780E-15    0.0000000000E+00    0.1526636731E-15
    0.2533665835E+01    0.1919945044E-15    0.0000000000E+00   -0.7206033228E-16    0.0000000000E+00    0.1510807880E-15    0.0000000000E+00    0.1624555300E-15    0.0000000000E+00    0.1554251775E-15
    0.2543640898E+01    0.1927048053E-15    0.0000000000E+00   -0.7425638209E-16    0.0000000000E+00    0.1510089263E-15    0.0000000000E+00    0.1602950411E-15    0.0000000000E+00    0.1607343158E-15
    0.2553615960E+01    0.1926723252E-15    0.0000000000E+00   -0.7604433307E-16    0.0000000000E+00    0.1513544287E-15    0.0000000000E+00    0.1579285726E-15    0.0000000000E+00    0.1621857957E-15
    0.2563591022E+01    0.1935284741E-15    0.0000000000E+00   -0.7769562255E-16    0.0000000000E+00    0.1512861110E-15    0.0000000000E+00    0.1556833506E-15    0.0000000000E+00    0.1663080385E-15
    0.2573566085E+01    0.1936094810E-15    0.0000000000E+00   -0.7899616937E-16    0.0000000000E+00    0.1516205031E-15    0.0000000000E+00    0.1532882967E-15    0.0000000000E+00    0.1668483732E-15
    0.2583541147E+01    0.1945712145E-15    0.0000000000E+00   -0.8019524910E-16    0.0000000000E+00    0.1515538118E-15    0.0000000000E+00    0.1510566860E-15    0.0000000000E+00    0.1701309046E-15
    0.2593516209E+01    0.1947272920E-15    0.0000000000E+00   -0.8109841996E-16    0.0000000000E+00    0.1518771311E-15    0.0000000000E+00    0.1487107302E-15    0.0000000000E+00    0.1700413668E-15
    0.2603491272E+01    0.1957595666E-15    0.0000000000E+00   -0.8193232406E-16    0.0000000000E+00    0.1518106145E-15    0.0000000000E+00    0.1465535099E-15    0.0000000000E+00    0.1727291664E-15
    0.2613466334E+01    0.1959585613E-15    0.0000000000E+00   -0.8251899652E-16    0.0000000000E+00    0.1521230750E-15    0.0000000000E+00    0.1443027095E-15    0.0000000000E+00    0.1722057648E-15
    0.2623441397E+01    0.1970330961E-15    0.0000000000E+00   -0.8306329444E-16    0.0000000000E+00    0.1520556661E-15    0.0000000000E+00    0.1422543327E-15    0.0000000000E+00    0.1744707473E-15
    0.2633416459E+01    0.1972496844E-15    0.0000000000E+00   -0.8340195584E-16    0.0000000000E+00    0.1523576234E-15    0.0000000000E+00    0.1401231565E-15    0.0000000000E+00    0.1736493717E-15
    0.2643391521E+01    0.1983448460E-15    0.0000000000E+00   -0.8371944172E-16    0.0000000000E+00    0.1522885593E-15    0.0000000000E+00    0.1382005065E-15    0.0000000000E+00    0.1756121888E-15
    0.2653366584E+01    0.1985599653E-15    0.0000000000E+00   -0.8386614690E-16    0.0000000000E+00    0.1525804721E-15    0.0000000000E+00    0.1361993184E-15    0.0000000000E+00    0.1745869135E-15
    0.2663341646E+01    0.1996599184E-15    0.0000000000E+00   -0.8400765591E-16    0.0000000000E+00    0.1525092246E-15    0.0000000000E+00    0.1344080233E-15    0.0000000000E+00    0.1763325421E-15
    0.2673316708E+01    0.1998597633E-15    0.0000000000E+00   -0.8400734445E-16    0.0000000000E+00    0.1527916199E-15    0.0000000000E+00    0.1325383403E-15    0.0000000000E+00    0.1751685216E-15
    0.2683291771E+01    0.2009534018E-15    0.0000000000E+00   -0.8401337483E-16    0.0000000000E+00    0.1527178379E-15    0.0000000000E+00    0.1308771178E-15    0.0000000000E+00    0.1767571591E-15
    0.2693266833E+01    0.2011283520E-15    0.0000000000E+00   -0.8390161225E-16    0.0000000000E+00    0.1529912824E-15    0.0000000000E+00    0.1291351633E-15    0.0000000000E+00    0.1754995671E-15
    0.2703241895E+01    0.2022082648E-15    0.0000000000E+00   -0.8380410468E-16    0.0000000000E+00    0.1529147457E-15    0.0000000000E+00    0.1275987129E-15    0.0000000000E+00    0.1769741680E-15
    0.2713216958E+01    0.2023519125E-15    0.0000000000E+00   -0.8360880826E-16    0.0000000000E+00    0.1531798237E-15    0.0000000000E+00    0.1259777507E-15    0.0000000000E+00    0.1756543499E-15
    0.2723192020E+01    0.2034134870E-15    0.0000000000E+00   -0.8343279575E-16    0.0000000000E+00    0.1531004079E-15    0.0000000000E+00    0.1245586317E-15    0.0000000000E+00    0.1770458203E-15
    0.2733167082E+01    0.2035218221E-15    0.0000000000E+00   -0.8317576582E-16    0.0000000000E+00    0.1533577046E-15    0.0000000000E+00    0.1230504625E-15    0.0000000000E+00    0.1756855182E-15
    0.2743142145E+01    0.2045625127E-15    0.0000000000E+00   -0.8294079115E-16    0.0000000000E+00    0.1532753536E-15    0.0000000000E+00    0.1217402832E-15    0.0000000000E+00    0.1770162957E-15
    0.2753117207E+01    0.2046332712E-15    0.0000000000E+00   -0.8263899623E-16    0.0000000000E+00    0.1535254437E-15    0.0000000000E+00    0.1203361805E-15    0.0000000000E+00    0.1756305526E-15
    0.2763092269E+01    0.2056520254E-15    0.0000000000E+00   -0.8236028028E-16    0.0000000000E+00    0.1534401480E-15    0.0000000000E+00    0.1191263320E-15    0.0000000000E+00    0.1769170810E-15
    0.2773067332E+01    0.2056841868E-15    0.0000000000E+00   -0.8202690118E-16    0.0000000000E+00    0.1536835862E-15    0.0000000000E+00    0.1178176075E-15    0.0000000000E+00    0.1755162423E-15
    0.2783042394E+01    0.2066810084E-15    0.0000000000E+00   -0.8171628077E-16    0.0000000000E+00    0.1535953669E-15    0.0000000000E+00    0.1166996972E-15    0.0000000000E+00    0.1767706909E-15
    0.2793017456E+01    0.2066744180E-15    0.0000000000E+00   -0.8136153989E-16    0.0000000000E+00    0.1538326825E-15    0.0000000000E+00    0.1154780258E-15    0.0000000000E+00    0.1753617928E-15
    0.2802992519E+01    0.2076500430E-15    0.0000000000E+00   -0.8102820683E-16    0.0000000000E+00    0.1537415793E-15    0.0000000000E+00    0.1144441176E-15    0.0000000000E+00    0.1765932613E-15
    0.2812967581E+01    0.2076051327E-15    0.0000000000E+00   -0.8066001790E-16    0.0000000000E+00    0.1539732744E-15    0.0000000000E+00    0.1133017082E-15    0.0000000000E+00    0.1751810015E-15
    0.2822942643E+01    0.2085607900E-15    0.0000000000E+00   -0.8031109666E-16    0.0000000000E+00    0.1538793407E-15    0.0000000000E+00    0.1123444405E-15    0.0000000000E+00    0.1763963726E-15
    0.2832917706E+01    0.2084783715E-15    0.0000000000E+00   -0.7993557211E-16    0.0000000000E+00    0.1541058921E-15    0.0000000000E+00    0.1112741102E-15    0.0000000000E+00    0.1749837936E-15
    0.2842892768E+01    0.2094156052E-15    0.0000000000E+00   -0.7957657150E-16    0.0000000000E+00    0.1540091908E-15    0.0000000000E+00    0.1103867392E-15    0.0000000000E+00    0.1761883394E-15
    0.2852867830E+01    0.2092967170E-15    0.0000000000E+00   -0.7919841934E-16    0.0000000000E+00    0.1542310518E-15    0.0000000000E+00    0.1093819308E-15    0.0000000000E+00    0.1747773099E-15
    0.2862842893E+01    0.2102172568E-15    0.0000000000E+00   -0.7883358576E-16    0.0000000000E+00    0.1541316527E-15    0.0000000000E+00    0.1085583302E-15    0.0000000000E+00    0.1759751228E-15
    0.2872817955E+01    0.2100630535E-15    0.0000000000E+00   -0.7845641917E-16    0.0000000000E+00    0.1543492529E-15    0.0000000000E+00    0.1076130973E-15    0.0000000000E+00    0.1745666750E-15
    0.2882793017E+01    0.2109687227E-15    0.0000000000E+00   -0.7808901193E-16    0.0000000000E+00    0.1542472274E-15    0.0000000000E+00    0.1068477328E-15    0.0000000000E+00    0.1757609739E-15
    0.2892768080E+01    0.2107803995E-15    0.0000000000E+00   -0.7771559030E-16    0.0000000000E+00    0.1544609719E-15    0.0000000000E+00    0.1059567047E-15    0.0000000000E+00    0.1743555403E-15
    0.2902743142E+01    0.2116730553E-15    0.0000000000E+00   -0.7734809624E-16    0.0000000000E+00    0.1543563893E-15    0.0000000000E+00    0.1052445931E-15    0.0000000000E+00    0.1755488915E-15
    0.2912718204E+01    0.2114517990E-15    0.0000000000E+00   -0.7698051316E-16    0.0000000000E+00    0.1545666587E-15    0.0000000000E+00    0.1044029288E-15    0.0000000000E+00    0.1741464754E-15
    0.2922693267E+01    0.2123332939E-15    0.0000000000E+00   -0.7661481433E-16    0.0000000000E+00    0.1544595838E-15    0.0000000000E+00    0.1037395902E-15    0.0000000000E+00    0.1753409563E-15
    0.2932668329E+01    0.2120802509E-15    0.0000000000E+00   -0.7625464447E-16    0.0000000000E+00    0.1546667345E-15    0.0000000000E+00    0.1029429297E-15    0.0000000000E+00    0.1739412563E-15
    0.2942643392E+01    0.2129524063E-15    0.0000000000E+00   -0.7589214924E-16    0.0000000000E+00    0.1545572263E-15    0.0000000000E+00    0.1023243409E-15    0.0000000000E+00    0.1751385791E-15
    0.2952618454E+01    0.2126686582E-15    0.0000000000E+00   -0.7554056290E-16    0.0000000000E+00    0.1547615927E-15    0.0000000000E+00    0.1015687603E-15    0.0000000000E+00    0.1737410834E-15
    0.2962593516E+01    0.2135332446E-15    0.0000000000E+00   -0.7518230805E-16    0.0000000000E+00    0.1546497044E-15    0.0000000000E+00    0.1009913124E-15    0.0000000000E+00    0.1749426896E-15
    0.2972568579E+01    0.2132197911E-15    0.0000000000E+00   -0.7484016000E-16    0.0000000000E+00    0.1548516014E-15    0.0000000000E+00    0.1002732828E-15    0.0000000000E+00    0.1735467450E-15
    0.2982543641E+01    0.2140785151E-15    0.0000000000E+00   -0.7448688971E-16    0.0000000000E+00    0.1547373811E-15    0.0000000000E+00    0.9973374163E-16    0.0000000000E+00    0.1747538766E-15
    0.2992518703E+01    0.2137362642E-15    0.0000000000E+00   -0.7415478776E-16    0.0000000000E+00    0.1549371055E-15    0.0000000000E+00    0.9905008904E-16    0.0000000000E+00    0.1733587379E-15
    0.3002493766E+01    0.2145907645E-15    0.0000000000E+00   -0.7380701474E-16    0.0000000000E+00    0.1548205958E-15    0.0000000000E+00    0.9854555500E-16    0.0000000000E+00    0.1745724892E-15
    0.3012468828E+01    0.2142205314E-15    0.0000000000E+00   -0.7348537300E-16    0.0000000000E+00    0.1550184278E-15    0.0000000000E+00    0.9789341934E-16    0.0000000000E+00    0.1731773526E-15
    0.3022443890E+01    0.2150723821E-15    0.0000000000E+00   -0.7314342643E-16    0.0000000000E+00    0.1548996654E-15    0.0000000000E+00    0.9742128613E-16    0.0000000000E+00    0.1743987061E-15
    0.3032418953E+01    0.2146748927E-15    0.0000000000E+00   -0.7283250750E-16    0.0000000000E+00    0.1550958699E-15    0.0000000000E+00    0.9679808020E-16    0.0000000000E+00    0.1730027301E-15
    0.3042394015E+01    0.2155256070E-15    0.0000000000E+00   -0.7249657159E-16    0.0000000000E+00    0.1549748857E-15    0.0000000000E+00    0.9635599656E-16    0.0000000000E+00    0.1742325815E-15
    0.3052369077E+01    0.2151014992E-15    0.0000000000E+00   -0.7219652113E-16    0.0000000000E+00    0.1551697137E-15    0.0000000000E+00    0.9575937100E-16    0.0000000000E+00    0.1728348987E-15
    0.3062344140E+01    0.2159525311E-15    0.0000000000E+00   -0.7186666720E-16    0.0000000000E+00    0.1550465329E-15    0.0000000000E+00    0.9534521056E-16    0.0000000000E+00    0.1740740716E-15
    0.3072319202E+01    0.2155023538E-15    0.0000000000E+00   -0.7157754251E-16    0.0000000000E+00    0.1552402217E-15    0.0000000000E+00    0.9477302880E-16    0.0000000000E+00    0.1726737921E-15
    0.3082294264E+01    0.2163550975E-15    0.0000000000E+00   -0.7125375462E-16    0.0000000000E+00    0.1551148631E-15    0.0000000000E+00    0.9438487080E-16    0.0000000000E+00    0.1739230472E-15
    0.3092269327E+01    0.2158793089E-15    0.0000000000E+00   -0.7097554643E-16    0.0000000000E+00    0.1553076375E-15    0.0000000000E+00    0.9383519387E-16    0.0000000000E+00    0.1725192617E-15
    0.3102244389E+01    0.2167351001E-15    0.0000000000E+00   -0.7065774001E-16    0.0000000000E+00    0.1551801139E-15    0.0000000000E+00    0.9347131061E-16    0.0000000000E+00    0.1737793083E-15
    0.3112219451E+01    0.2162340706E-15    0.0000000000E+00   -0.7039038769E-16    0.0000000000E+00    0.1553721882E-15    0.0000000000E+00    0.9294238413E-16    0.0000000000E+00    0.1723710959E-15
    0.3122194514E+01    0.2170941925E-15    0.0000000000E+00   -0.7007842289E-16    0.0000000000E+00    0.1552425093E-15    0.0000000000E+00    0.9260122556E-16    0.0000000000E+00    0.1736426083E-15
    0.3132169576E+01    0.2165682102E-15    0.0000000000E+00   -0.6982182661E-16    0.0000000000E+00    0.1554340918E-15    0.0000000000E+00    0.9209145965E-16    0.0000000000E+00    0.1722290502E-15
    0.3142144638E+01    0.2174339020E-15    0.0000000000E+00   -0.6951552038E-16    0.0000000000E+00    0.1553022668E-15    0.0000000000E+00    0.9177162889E-16    0.0000000000E+00    0.1735126871E-15
    0.3152119701E+01    0.2168831798E-15    0.0000000000E+00   -0.6926955290E-16    0.0000000000E+00    0.1554935618E-15    0.0000000000E+00    0.9127957039E-16    0.0000000000E+00    0.1720928765E-15
    0.3162094763E+01    0.2177556440E-15    0.0000000000E+00   -0.6896869033E-16    0.0000000000E+00    0.1553595992E-15    0.0000000000E+00    0.9097979621E-16    0.0000000000E+00    0.1733892890E-15
    0.3172069825E+01    0.2171803244E-15    0.0000000000E+00   -0.6873320694E-16    0.0000000000E+00    0.1555508050E-15    0.0000000000E+00    0.9050410397E-16    0.0000000000E+00    0.1719623289E-15
    0.3182044888E+01    0.2180607329E-15    0.0000000000E+00   -0.6843754953E-16    0.0000000000E+00    0.1554147082E-15    0.0000000000E+00    0.9022322149E-16    0.0000000000E+00    0.1732721604E-15
    0.3192019950E+01    0.2174608910E-15    0.0000000000E+00   -0.6821239466E-16    0.0000000000E+00    0.1556060142E-15    0.0000000000E+00    0.8976265287E-16    0.0000000000E+00    0.1718371589E-15
    0.3201995012E+01    0.2183503888E-15    0.0000000000E+00   -0.6792168605E-16    0.0000000000E+00    0.1554677799E-15    0.0000000000E+00    0.8949959592E-16    0.0000000000E+00    0.1731610461E-15
    0.3211970075E+01    0.2177260350E-15    0.0000000000E+00   -0.6770669867E-16    0.0000000000E+00    0.1556593664E-15    0.0000000000E+00    0.8905300297E-16    0.0000000000E+00    0.1717171162E-15
    0.3221945137E+01    0.2186257451E-15    0.0000000000E+00   -0.6742066981E-16    0.0000000000E+00    0.1555189843E-15    0.0000000000E+00    0.8880680278E-16    0.0000000000E+00    0.1730556953E-15
    0.3231920200E+01    0.2179768282E-15    0.0000000000E+00   -0.6721568838E-16    0.0000000000E+00    0.1557110235E-15    0.0000000000E+00    0.8837313085E-16    0.0000000000E+00    0.1716019588E-15
    0.3241895262E+01    0.2188878566E-15    0.0000000000E+00   -0.6693406193E-16    0.0000000000E+00    0.1555684776E-15    0.0000000000E+00    0.8814291320E-16    0.0000000000E+00    0.1729558737E-15
    0.3251870324E+01    0.2182142651E-15    0.0000000000E+00   -0.6673892809E-16    0.0000000000E+00    0.1557611354E-15    0.0000000000E+00    0.8772119505E-16    0.0000000000E+00    0.1714914652E-15
    0.3261845387E+01    0.2191377023E-15    0.0000000000E+00   -0.6646142118E-16    0.0000000000E+00    0.1556164052E-15    0.0000000000E+00    0.8750617140E-16    0.0000000000E+00    0.1728613735E-15
    0.3271820449E+01    0.2184392633E-15    0.0000000000E+00   -0.6627598188E-16    0.0000000000E+00    0.1558098435E-15    0.0000000000E+00    0.8709551524E-16    0.0000000000E+00    0.1713854404E-15
    0.3281795511E+01    0.2193761851E-15    0.0000000000E+00   -0.6600230730E-16    0.0000000000E+00    0.1556629052E-15    0.0000000000E+00    0.8689496964E-16    0.0000000000E+00    0.1727720136E-15
    0.3291770574E+01    0.2186526635E-15    0.0000000000E+00   -0.6582641540E-16    0.0000000000E+00    0.1558572820E-15    0.0000000000E+00    0.8649454593E-16    0.0000000000E+00    0.1712837111E-15
    0.3301745636E+01    0.2196041340E-15    0.0000000000E+00   -0.6555628152E-16    0.0000000000E+00    0.1557081081E-15    0.0000000000E+00    0.8630782331E-16    0.0000000000E+00    0.1726876311E-15
    0.3311720698E+01    0.2188552353E-15    0.0000000000E+00   -0.6538979581E-16    0.0000000000E+00    0.1559035774E-15    0.0000000000E+00    0.8591685464E-16    0.0000000000E+00    0.1711861140E-15
    0.3321695761E+01    0.2198223140E-15    0.0000000000E+00   -0.6512290664E-16    0.0000000000E+00    0.1557521360E-15    0.0000000000E+00    0.8574335296E-16    0.0000000000E+00    0.1726080680E-15
    0.3331670823E+01    0.2190476900E-15    0.0000000000E+00   -0.6496569272E-16    0.0000000000E+00    0.1559488487E-15    0.0000000000E+00    0.8536110761E-16    0.0000000000E+00    0.1710924841E-15
    0.3341645885E+01    0.2200314398E-15    0.0000000000E+00   -0.6470174916E-16    0.0000000000E+00    0.1557951043E-15    0.0000000000E+00    0.8520027302E-16    0.0000000000E+00    0.1725331618E-15
    0.3351620948E+01    0.2192306928E-15    0.0000000000E+00   -0.6455368157E-16    0.0000000000E+00    0.1559932091E-15    0.0000000000E+00    0.8482606101E-16    0.0000000000E+00    0.1710026474E-15
    0.3361596010E+01    0.2202321848E-15    0.0000000000E+00   -0.6429238380E-16    0.0000000000E+00    0.1558371241E-15    0.0000000000E+00    0.8467738536E-16    0.0000000000E+00    0.1724627412E-15
    0.3371571072E+01    0.2194048671E-15    0.0000000000E+00   -0.6415334884E-16    0.0000000000E+00    0.1560367688E-15    0.0000000000E+00    0.8431055700E-16    0.0000000000E+00    0.1709164199E-15
    0.3381546135E+01    0.2204251813E-15    0.0000000000E+00   -0.6389439800E-16    0.0000000000E+00    0.1558783026E-15    0.0000000000E+00    0.8417357850E-16    0.0000000000E+00    0.1723966270E-15
    0.3391521197E+01    0.2195707934E-15    0.0000000000E+00   -0.6376429433E-16    0.0000000000E+00    0.1560796338E-15    0.0000000000E+00    0.8381352665E-16    0.0000000000E+00    0.1708336098E-15
    0.3401496259E+01    0.2206110199E-15    0.0000000000E+00   -0.6350739118E-16    0.0000000000E+00    0.1559187426E-15    0.0000000000E+00    0.8368783342E-16    0.0000000000E+00    0.1723346359E-15
    0.3411471322E+01    0.2197290087E-15    0.0000000000E+00   -0.6338612767E-16    0.0000000000E+00    0.1561219051E-15    0.0000000000E+00    0.8333399613E-16    0.0000000000E+00    0.1707540233E-15
    0.3421446384E+01    0.2207902503E-15    0.0000000000E+00   -0.6313096990E-16    0.0000000000E+00    0.1559585419E-15    0.0000000000E+00    0.8321922656E-16    0.0000000000E+00    0.1722765886E-15
    0.3431421446E+01    0.2198800098E-15    0.0000000000E+00   -0.6301846470E-16    0.0000000000E+00    0.1561636802E-15    0.0000000000E+00    0.8287108236E-16    0.0000000000E+00    0.1706774755E-15
    0.3441396509E+01    0.2209633853E-15    0.0000000000E+00   -0.6276474777E-16    0.0000000000E+00    0.1559977953E-15    0.0000000000E+00    0.8276691496E-16    0.0000000000E+00    0.1722223222E-15
    0.3451371571E+01    0.2200242549E-15    0.0000000000E+00   -0.6266093185E-16    0.0000000000E+00    0.1562050543E-15    0.0000000000E+00    0.8242396753E-16    0.0000000000E+00    0.1706038011E-15
    0.3461346633E+01    0.2211309003E-15    0.0000000000E+00   -0.6240835309E-16    0.0000000000E+00    0.1560365946E-15    0.0000000000E+00    0.8233010381E-16    0.0000000000E+00    0.1721716964E-15
    0.3471321696E+01    0.2201621624E-15    0.0000000000E+00   -0.6231317411E-16    0.0000000000E+00    0.1562461163E-15    0.0000000000E+00    0.8199186619E-16    0.0000000000E+00    0.1705328537E-15
    0.3481296758E+01    0.2212932320E-15    0.0000000000E+00   -0.6206143385E-16    0.0000000000E+00    0.1560750208E-15    0.0000000000E+00    0.8190802078E-16    0.0000000000E+00    0.1721245858E-15
    0.3491271820E+01    0.2202941109E-15    0.0000000000E+00   -0.6197485559E-16    0.0000000000E+00    0.1562869413E-15    0.0000000000E+00    0.8157401286E-16    0.0000000000E+00    0.1704644971E-15
    0.3501246883E+01    0.2214507823E-15    0.0000000000E+00   -0.6172365485E-16    0.0000000000E+00    0.1561131396E-15    0.0000000000E+00    0.8149991905E-16    0.0000000000E+00    0.1720808774E-15
    0.3511221945E+01    0.2204204463E-15    0.0000000000E+00   -0.6164565581E-16    0.0000000000E+00    0.1563275905E-15    0.0000000000E+00    0.8116967847E-16    0.0000000000E+00    0.1703986108E-15
    0.3521197007E+01    0.2216039279E-15    0.0000000000E+00   -0.6139469531E-16    0.0000000000E+00    0.1561510054E-15    0.0000000000E+00    0.8110510193E-16    0.0000000000E+00    0.1720404804E-15
    0.3531172070E+01    0.2205414934E-15    0.0000000000E+00   -0.6132526930E-16    0.0000000000E+00    0.1563681166E-15    0.0000000000E+00    0.8077819590E-16    0.0000000000E+00    0.1703350982E-15
    0.3541147132E+01    0.2217530312E-15    0.0000000000E+00   -0.6107424947E-16    0.0000000000E+00    0.1561886661E-15    0.0000000000E+00    0.8072294216E-16    0.0000000000E+00    0.1720033293E-15
    0.3551122195E+01    0.2206575631E-15    0.0000000000E+00   -0.6101340565E-16    0.0000000000E+00    0.1564085681E-15    0.0000000000E+00    0.8039896761E-16    0.0000000000E+00    0.1702738838E-15
    0.3561097257E+01    0.2218984431E-15    0.0000000000E+00   -0.6076202505E-16    0.0000000000E+00    0.1562261669E-15    0.0000000000E+00    0.8035287524E-16    0.0000000000E+00    0.1719693746E-15
    0.3571072319E+01    0.2207689489E-15    0.0000000000E+00   -0.6070978661E-16    0.0000000000E+00    0.1564489919E-15    0.0000000000E+00    0.8003144575E-16    0.0000000000E+00    0.1702148978E-15
    0.3581047382E+01    0.2220404948E-15    0.0000000000E+00   -0.6045773960E-16    0.0000000000E+00    0.1562635520E-15    0.0000000000E+00    0.7999437162E-16    0.0000000000E+00    0.1719385647E-15
    0.3591022444E+01    0.2208759180E-15    0.0000000000E+00   -0.6041414225E-16    0.0000000000E+00    0.1564894341E-15    0.0000000000E+00    0.7967510443E-16    0.0000000000E+00    0.1701580592E-15
    0.3600997506E+01    0.2221794910E-15    0.0000000000E+00   -0.6016111650E-16    0.0000000000E+00    0.1563008637E-15    0.0000000000E+00    0.7964691694E-16    0.0000000000E+00    0.1719108308E-15
    0.3610972569E+01    0.2209787075E-15    0.0000000000E+00   -0.6012620696E-16    0.0000000000E+00    0.1565299380E-15    0.0000000000E+00    0.7932943282E-16    0.0000000000E+00    0.1701032626E-15
    0.3620947631E+01    0.2223157100E-15    0.0000000000E+00   -0.5987188179E-16    0.0000000000E+00    0.1563381400E-15    0.0000000000E+00    0.7931001835E-16    0.0000000000E+00    0.1718860785E-15
    0.3630922693E+01    0.2210775273E-15    0.0000000000E+00   -0.5984571840E-16    0.0000000000E+00    0.1565705423E-15    0.0000000000E+00    0.7899395045E-16    0.0000000000E+00    0.1700503761E-15
    0.3640897756E+01    0.2224494074E-15    0.0000000000E+00   -0.5958976562E-16    0.0000000000E+00    0.1563754152E-15    0.0000000000E+00    0.7898322178E-16    0.0000000000E+00    0.1718641920E-15
    0.3650872818E+01    0.2211725617E-15    0.0000000000E+00   -0.5957242118E-16    0.0000000000E+00    0.1566112836E-15    0.0000000000E+00    0.7866821900E-16    0.0000000000E+00    0.1699992522E-15
    0.3660847880E+01    0.2225808162E-15    0.0000000000E+00   -0.5931450729E-16    0.0000000000E+00    0.1564127223E-15    0.0000000000E+00    0.7866611280E-16    0.0000000000E+00    0.1718450503E-15
    0.3670822943E+01    0.2212639692E-15    0.0000000000E+00   -0.5930607217E-16    0.0000000000E+00    0.1566521980E-15    0.0000000000E+00    0.7835183035E-16    0.0000000000E+00    0.1699497450E-15
    0.3680798005E+01    0.2227101475E-15    0.0000000000E+00   -0.5904585952E-16    0.0000000000E+00    0.1564500926E-15    0.0000000000E+00    0.7835829458E-16    0.0000000000E+00    0.1718285421E-15
    0.3690773067E+01    0.2213518855E-15    0.0000000000E+00   -0.5904644289E-16    0.0000000000E+00    0.1566933175E-15    0.0000000000E+00    0.7804438103E-16    0.0000000000E+00    0.1699017219E-15
    0.3700748130E+01    0.2228375980E-15    0.0000000000E+00   -0.5878358833E-16    0.0000000000E+00    0.1564875504E-15    0.0000000000E+00    0.7805936736E-16    0.0000000000E+00    0.1718145735E-15
    0.3710723192E+01    0.2214364340E-15    0.0000000000E+00   -0.5879331716E-16    0.0000000000E+00    0.1567346652E-15    0.0000000000E+00    0.7774546444E-16    0.0000000000E+00    0.1698550672E-15
    0.3720698254E+01    0.2229633616E-15    0.0000000000E+00   -0.5852746985E-16    0.0000000000E+00    0.1565251089E-15    0.0000000000E+00    0.7776893765E-16    0.0000000000E+00    0.1718030706E-15
    0.3730673317E+01    0.2215177360E-15    0.0000000000E+00   -0.5854648940E-16    0.0000000000E+00    0.1567762526E-15    0.0000000000E+00    0.7745469564E-16    0.0000000000E+00    0.1698096854E-15
    0.3740648379E+01    0.2230876352E-15    0.0000000000E+00   -0.5827729171E-16    0.0000000000E+00    0.1565627707E-15    0.0000000000E+00    0.7748665196E-16    0.0000000000E+00    0.1717939826E-15
    0.3750623441E+01    0.2215959092E-15    0.0000000000E+00   -0.5830576961E-16    0.0000000000E+00    0.1568180827E-15    0.0000000000E+00    0.7717174384E-16    0.0000000000E+00    0.1697655028E-15
    0.3760598504E+01    0.2232106118E-15    0.0000000000E+00   -0.5803286010E-16    0.0000000000E+00    0.1566005303E-15    0.0000000000E+00    0.7721221762E-16    0.0000000000E+00    0.1717872800E-15
    0.3770573566E+01    0.2216710566E-15    0.0000000000E+00   -0.5807098937E-16    0.0000000000E+00    0.1568601508E-15    0.0000000000E+00    0.7689633394E-16    0.0000000000E+00    0.1697224590E-15
    0.3780548628E+01    0.2233324677E-15    0.0000000000E+00   -0.5779400076E-16    0.0000000000E+00    0.1566383730E-15    0.0000000000E+00    0.7694538274E-16    0.0000000000E+00    0.1717829383E-15
    0.3790523691E+01    0.2217432550E-15    0.0000000000E+00   -0.5784199552E-16    0.0000000000E+00    0.1569024413E-15    0.0000000000E+00    0.7662820848E-16    0.0000000000E+00    0.1696804866E-15
    0.3800498753E+01    0.2234533558E-15    0.0000000000E+00   -0.5756054566E-16    0.0000000000E+00    0.1566762725E-15    0.0000000000E+00    0.7668588863E-16    0.0000000000E+00    0.1717809213E-15
    0.3810473815E+01    0.2218125541E-15    0.0000000000E+00   -0.5761863368E-16    0.0000000000E+00    0.1569449304E-15    0.0000000000E+00    0.7636708124E-16    0.0000000000E+00    0.1696395053E-15
    0.3820448878E+01    0.2235734105E-15    0.0000000000E+00   -0.5733231879E-16    0.0000000000E+00    0.1567141993E-15    0.0000000000E+00    0.7643343541E-16    0.0000000000E+00    0.1717811896E-15
    0.3830423940E+01    0.2218789851E-15    0.0000000000E+00   -0.5740074074E-16    0.0000000000E+00    0.1569875980E-15    0.0000000000E+00    0.7611262364E-16    0.0000000000E+00    0.1695994401E-15
    0.3840399002E+01    0.2236927604E-15    0.0000000000E+00   -0.5710913599E-16    0.0000000000E+00    0.1567521321E-15    0.0000000000E+00    0.7618769431E-16    0.0000000000E+00    0.1717837185E-15
    0.3850374065E+01    0.2219425747E-15    0.0000000000E+00   -0.5718814994E-16    0.0000000000E+00    0.1570304354E-15    0.0000000000E+00    0.7586450203E-16    0.0000000000E+00    0.1695602306E-15
    0.3860349127E+01    0.2238115396E-15    0.0000000000E+00   -0.5689081192E-16    0.0000000000E+00    0.1567900615E-15    0.0000000000E+00    0.7594836222E-16    0.0000000000E+00    0.1717884964E-15
    0.3870324190E+01    0.2220033517E-15    0.0000000000E+00   -0.5698069755E-16    0.0000000000E+00    0.1570734473E-15    0.0000000000E+00    0.7562243638E-16    0.0000000000E+00    0.1695218208E-15
    0.3880299252E+01    0.2239298909E-15    0.0000000000E+00   -0.5667716528E-16    0.0000000000E+00    0.1568279903E-15    0.0000000000E+00    0.7571521032E-16    0.0000000000E+00    0.1717955120E-15
    0.3890274314E+01    0.2220613451E-15    0.0000000000E+00   -0.5677822658E-16    0.0000000000E+00    0.1571166506E-15    0.0000000000E+00    0.7538622745E-16    0.0000000000E+00    0.1694841506E-15
    0.3900249377E+01    0.2240479606E-15    0.0000000000E+00   -0.5646802054E-16    0.0000000000E+00    0.1568659317E-15    0.0000000000E+00    0.7548808440E-16    0.0000000000E+00    0.1718047542E-15
    0.3910224439E+01    0.2221165794E-15    0.0000000000E+00   -0.5658058650E-16    0.0000000000E+00    0.1571600736E-15    0.0000000000E+00    0.7515573121E-16    0.0000000000E+00    0.1694471640E-15
    0.3920199501E+01    0.2241658966E-15    0.0000000000E+00   -0.5626320629E-16    0.0000000000E+00    0.1569039081E-15    0.0000000000E+00    0.7526685958E-16    0.0000000000E+00    0.1718162275E-15
    0.3930174564E+01    0.2221690757E-15    0.0000000000E+00   -0.5638763253E-16    0.0000000000E+00    0.1572037551E-15    0.0000000000E+00    0.7493080279E-16    0.0000000000E+00    0.1694108301E-15
    0.3940149626E+01    0.2242838542E-15    0.0000000000E+00   -0.5606255723E-16    0.0000000000E+00    0.1569419521E-15    0.0000000000E+00    0.7505138404E-16    0.0000000000E+00    0.1718299781E-15
    0.3950124688E+01    0.2222188621E-15    0.0000000000E+00   -0.5619923109E-16    0.0000000000E+00    0.1572477499E-15    0.0000000000E+00    0.7471125025E-16    0.0000000000E+00    0.1693751749E-15
    0.3960099751E+01    0.2244020094E-15    0.0000000000E+00   -0.5586592134E-16    0.0000000000E+00    0.1569801143E-15    0.0000000000E+00    0.7484145125E-16    0.0000000000E+00    0.1718461302E-15
    0.3970074813E+01    0.2222659896E-15    0.0000000000E+00   -0.5601526594E-16    0.0000000000E+00    0.1572921404E-15    0.0000000000E+00    0.7449682969E-16    0.0000000000E+00    0.1693403196E-15
    0.3980049875E+01    0.2245205752E-15    0.0000000000E+00   -0.5567316217E-16    0.0000000000E+00    0.1570184738E-15    0.0000000000E+00    0.7463681746E-16    0.0000000000E+00    0.1718649207E-15
    0.3990024938E+01    0.2223105479E-15    0.0000000000E+00   -0.5583563642E-16    0.0000000000E+00    0.1573370452E-15    0.0000000000E+00    0.7428727933E-16    0.0000000000E+00    0.1693065080E-15
